PARAMETERS:

pi = 0.5

mu_one
[[0.94844936]
 [0.92708574]
 [0.90115697]
 [0.89549837]
 [0.9297854 ]
 [0.952962  ]
 [0.90585086]
 [0.89642588]
 [0.90947247]
 [0.95222619]
 [0.96383467]
 [0.85155385]
 [0.92712951]
 [0.90521228]
 [0.89599629]
 [0.90280703]
 [0.93422904]
 [0.90661406]
 [0.89351099]
 [0.93363939]]


 mu_two
 [[1.21073132]
 [1.19660852]
 [1.19285556]
 [1.18086579]
 [1.22890622]
 [1.20719877]
 [1.22589171]
 [1.18223204]
 [1.26785759]
 [1.1958518 ]
 [1.22426449]
 [1.06885167]
 [1.16232468]
 [1.19971498]
 [1.15897112]
 [1.16795356]
 [1.16626735]
 [1.1544599 ]
 [1.18383831]
 [1.26564179]]


 sigma
[[7.79659506 5.45158783 4.86407452 5.14853926 4.45450904 5.64080325
  6.02488332 5.84341466 4.67817277 5.38628239 5.64109671 5.06558418
  5.15368334 6.30196869 5.40616626 5.71360105 5.41202652 5.45264581
  5.61510769 5.95647929]
 [5.45158783 7.16069681 4.98707912 5.29145507 4.9963418  5.92274973
  6.52982078 5.48984934 4.59892147 5.16637255 4.97923851 5.03225176
  5.0304276  6.12959113 5.67608516 5.90709916 5.2533027  5.05491567
  6.10334201 5.6937306 ]
 [4.86407452 4.98707912 6.87297828 5.38088975 4.82269186 4.98071243
  6.08653892 4.86055929 4.69719202 4.98906295 4.97053695 5.0346243
  5.24063494 6.11845375 5.42134346 5.05049386 5.35010544 4.68976202
  5.92352059 5.91929334]
 [5.14853926 5.29145507 5.38088975 6.69579518 4.28148937 5.51003998
  6.28427641 5.51438011 4.76496999 5.49458455 5.04874718 4.83654321
  5.10180807 5.61205361 5.35959843 5.41809995 5.13284668 5.17372669
  5.86390197 5.7931864 ]
 [4.45450904 4.9963418  4.82269186 4.28148937 5.58161249 4.62019542
  5.08539584 4.6343564  3.70037137 4.13951821 3.91653748 4.15682324
  4.2977151  4.88248478 5.2088686  4.89168054 4.30579045 4.54138046
  5.20386679 4.91348527]
 [5.64080325 5.92274973 4.98071243 5.51003998 4.62019542 7.62811462
  6.6710543  5.23623216 5.41706037 5.51454959 4.86751756 4.99891459
  5.52632402 6.43430699 5.68815684 5.80282709 5.57819798 5.23600449
  6.49156437 6.09331235]
 [6.02488332 6.52982078 6.08653892 6.28427641 5.08539584 6.6710543
  8.42346568 6.10955513 5.78600184 6.19570043 5.97542705 5.76570178
  5.78271069 7.03825185 6.04202539 6.35110407 5.89748955 5.63530988
  7.182435   6.38137651]
 [5.84341466 5.48984934 4.86055929 5.51438011 4.6343564  5.23623216
  6.10955513 6.72189166 4.65478673 5.23268058 4.77933885 4.79096171
  4.4539747  5.75603282 5.32972389 5.35753392 4.88398684 5.61067178
  5.56972946 5.53761956]
 [4.67817277 4.59892147 4.69719202 4.76496999 3.70037137 5.41706037
  5.78600184 4.65478673 5.85181587 4.60307085 4.35648356 4.36009731
  4.50697544 5.1696618  4.75729117 4.50444839 4.6841386  4.55307869
  4.94940769 4.8621955 ]
 [5.38628239 5.16637255 4.98906295 5.49458455 4.13951821 5.51454959
  6.19570043 5.23268058 4.60307085 6.85694886 4.72696477 4.63718642
  5.02391145 5.82987194 5.16169018 5.21334316 5.02060191 4.56813383
  6.16317703 5.37629231]
 [5.64109671 4.97923851 4.97053695 5.04874718 3.91653748 4.86751756
  5.97542705 4.77933885 4.35648356 4.72696477 6.26576628 5.09306128
  4.75413566 5.28884898 5.07137718 4.84385331 4.83838329 4.73977602
  5.71123608 5.38982568]
 [5.06558418 5.03225176 5.0346243  4.83654321 4.15682324 4.99891459
  5.76570178 4.79096171 4.36009731 4.63718642 5.09306128 6.38386281
  4.58277712 5.45583042 5.3661499  5.07341327 5.2055385  4.93611007
  5.64434182 5.28300343]
 [5.15368334 5.0304276  5.24063494 5.10180807 4.2977151  5.52632402
  5.78271069 4.4539747  4.50697544 5.02391145 4.75413566 4.58277712
  6.40235749 5.65878629 5.61215752 5.38763053 5.3323683  4.66663871
  5.89082051 5.51725118]
 [6.30196869 6.12959113 6.11845375 5.61205361 4.88248478 6.43430699
  7.03825185 5.75603282 5.1696618  5.82987194 5.28884898 5.45583042
  5.65878629 8.18307478 5.99478073 5.84350249 6.18399584 4.83750725
  6.32744541 6.36408602]
 [5.40616626 5.67608516 5.42134346 5.35959843 5.2088686  5.68815684
  6.04202539 5.32972389 4.75729117 5.16169018 5.07137718 5.3661499
  5.61215752 5.99478073 7.24549009 5.42394815 5.47465024 5.29786025
  5.89030228 6.17667107]
 [5.71360105 5.90709916 5.05049386 5.41809995 4.89168054 5.80282709
  6.35110407 5.35753392 4.50444839 5.21334316 4.84385331 5.07341327
  5.38763053 5.84350249 5.42394815 6.687502   5.33611797 5.44876355
  6.2034766  5.75589791]
 [5.41202652 5.2533027  5.35010544 5.13284668 4.30579045 5.57819798
  5.89748955 4.88398684 4.6841386  5.02060191 4.83838329 5.2055385
  5.3323683  6.18399584 5.47465024 5.33611797 6.6884296  4.62780681
  5.7324787  6.14101941]
 [5.45264581 5.05491567 4.68976202 5.17372669 4.54138046 5.23600449
  5.63530988 5.61067178 4.55307869 4.56813383 4.73977602 4.93611007
  4.66663871 4.83750725 5.29786025 5.44876355 4.62780681 6.59176364
  5.50488101 5.41696379]
 [5.61510769 6.10334201 5.92352059 5.86390197 5.20386679 6.49156437
  7.182435   5.56972946 4.94940769 6.16317703 5.71123608 5.64434182
  5.89082051 6.32744541 5.89030228 6.2034766  5.7324787  5.50488101
  8.30358489 6.39748809]
 [5.95647929 5.6937306  5.91929334 5.7931864  4.91348527 6.09331235
  6.38137651 5.53761956 4.8621955  5.37629231 5.38982568 5.28300343
  5.51725118 6.36408602 6.17667107 5.75589791 6.14101941 5.41696379
  6.39748809 7.91945041]]


COEFFICIENTS:

w
[[ 0.01647076]
 [ 0.00625306]
 [ 0.05024696]
 [-0.02180153]
 [-0.0803892 ]
 [ 0.06242152]
 [ 0.03157885]
 [ 0.00389332]
 [-0.12053348]
 [ 0.00949602]
 [-0.02166337]
 [ 0.004525  ]
 [-0.00584007]
 [-0.03725845]
 [ 0.04160025]
 [-0.0116379 ]
 [ 0.04282438]
 [ 0.02573094]
 [-0.0137741 ]
 [-0.05711191]]


w0
[[0.08786003]]
